24
0 30 22 30 5 31 11 23 17 27 10 15 7 7 30 4 31 29 28 2 22 20 27 2 
30 0 9 25 18 8 27 10 11 26 5 6 27 2 22 13 3 3 30 20 6 24 30 17 
22 9 0 5 4 6 18 1 21 11 25 7 30 24 19 8 6 13 3 13 1 15 23 6 
30 25 5 0 20 11 8 16 28 3 8 29 21 8 29 23 28 28 19 8 12 31 11 23 
5 18 4 20 0 21 13 2 18 23 22 19 30 1 14 2 14 20 7 23 7 7 11 2 
31 8 6 11 21 0 9 5 24 3 12 8 14 6 27 6 15 16 28 3 6 16 6 28 
11 27 18 8 13 9 0 25 16 14 6 23 7 30 17 7 25 30 2 15 2 12 3 20 
23 10 1 16 2 5 25 0 20 15 21 7 18 3 7 23 2 24 9 15 31 31 3 23 
17 11 21 28 18 24 16 20 0 26 5 23 18 19 12 21 10 17 2 20 3 5 23 10 
27 26 11 3 23 3 14 15 26 0 26 28 24 14 1 11 21 5 18 27 13 27 18 6 
10 5 25 8 22 12 6 21 5 26 0 8 8 20 27 18 7 12 21 19 1 26 9 27 
15 6 7 29 19 8 23 7 23 28 8 0 21 6 23 6 30 23 18 2 24 6 30 16 
7 27 30 21 30 14 7 18 18 24 8 21 0 14 7 30 16 3 5 4 2 4 21 8 
7 2 24 8 1 6 30 3 19 14 20 6 14 0 4 5 24 20 18 12 6 21 3 12 
30 22 19 29 14 27 17 7 12 1 27 23 7 4 0 8 31 22 7 17 26 14 15 26 
4 13 8 23 2 6 7 23 21 11 18 6 30 5 8 0 24 30 18 2 10 24 9 30 
31 3 6 28 14 15 25 2 10 21 7 30 16 24 31 24 0 18 4 19 30 6 29 2 
29 3 13 28 20 16 30 24 17 5 12 23 3 20 22 30 18 0 27 24 7 18 8 4 
28 30 3 19 7 28 2 9 2 18 21 18 5 18 7 18 4 27 0 14 20 14 28 9 
2 20 13 8 23 3 15 15 20 27 19 2 4 12 17 2 19 24 14 0 29 22 9 18 
22 6 1 12 7 6 2 31 3 13 1 24 2 6 26 10 30 7 20 29 0 28 19 22 
20 24 15 31 7 16 12 31 5 27 26 6 4 21 14 24 6 18 14 22 28 0 7 19 
27 30 23 11 11 6 3 3 23 18 9 30 21 3 15 9 29 8 28 9 19 7 0 14 
2 17 6 23 2 28 20 23 10 6 27 16 8 12 26 30 2 4 9 18 22 19 14 0

