32
0 41 56 29 37 14 36 14 8 52 23 61 10 54 33 8 5 13 48 56 55 62 4 4 34 3 2 35 36 28 18 60
41 0 54 32 49 21 2 11 2 50 17 11 30 33 15 32 28 6 21 31 40 36 62 25 16 18 41 58 62 54 29 24
56 54 0 32 11 31 9 4 2 2 31 44 7 42 5 8 25 15 49 9 58 61 52 58 28 30 38 45 32 44 60 16
29 32 32 0 49 63 63 42 12 33 24 5 7 57 41 33 6 48 60 4 23 8 25 52 56 28 13 61 5 16 13 57
37 49 11 49 0 15 14 44 45 30 63 38 53 6 61 17 42 35 12 47 8 21 37 3 55 56 55 39 47 31 4 26
14 21 31 63 15 0 39 31 47 48 58 38 58 48 1 22 11 7 40 43 55 46 12 3 21 50 28 55 3 54 54 51
36 2 9 63 14 39 0 3 32 53 54 51 17 43 20 4 4 28 33 46 16 28 40 19 47 34 5 15 23 35 41 58
14 11 4 42 44 31 3 0 32 34 16 51 25 47 41 11 28 6 52 10 52 57 36 26 35 54 32 11 63 8 57 39
8 2 2 12 45 47 32 32 0 53 50 10 35 60 55 9 50 60 52 10 63 34 27 12 19 23 32 12 12 18 46 20
52 50 2 33 30 48 53 34 53 0 5 20 8 35 51 59 18 36 14 29 2 62 8 23 9 32 38 15 34 33 22 39
23 17 31 24 63 58 54 16 50 5 0 25 40 44 37 62 8 55 11 4 34 17 63 5 41 46 58 32 62 52 33 50
61 11 44 5 38 38 51 51 10 20 25 0 44 2 53 24 32 63 14 34 22 3 26 18 16 13 60 28 27 18 60 18
10 30 7 7 53 58 17 25 35 8 40 44 0 23 14 41 24 43 10 43 10 18 35 58 35 63 39 53 3 32 28 19
54 33 42 57 6 48 43 47 60 35 44 2 23 0 13 33 23 47 33 4 34 27 31 30 60 14 1 50 47 31 63 19
33 15 5 41 61 1 20 41 55 51 37 53 14 13 0 59 39 42 19 6 63 35 2 63 1 52 63 58 12 59 1 25
8 32 8 33 17 22 4 11 9 59 62 24 41 33 59 0 2 46 26 14 4 10 51 36 4 52 51 10 11 22 8 12
5 28 25 6 42 11 4 28 50 18 8 32 24 23 39 2 0 53 50 43 60 40 34 4 46 32 14 50 46 17 34 1
13 6 15 48 35 7 28 6 60 36 55 63 43 47 42 46 53 0 50 25 3 28 53 15 46 48 3 41 17 54 50 3
48 21 49 60 12 40 33 52 52 14 11 14 10 33 19 26 50 50 0 39 9 62 56 37 3 52 27 58 53 57 12 17
56 31 9 4 47 43 46 10 10 29 4 34 43 4 6 14 43 25 39 0 37 2 39 9 46 9 19 21 17 53 12 30
55 40 58 23 8 55 16 52 63 2 34 22 10 34 63 4 60 3 9 37 0 62 2 1 51 38 19 58 36 26 15 29
62 36 61 8 21 46 28 57 34 62 17 3 18 27 35 10 40 28 62 2 62 0 42 51 55 52 46 10 25 28 33 60
4 62 52 25 37 12 40 36 27 8 63 26 35 31 2 51 34 53 56 39 2 42 0 38 53 39 38 39 12 26 18 37
4 25 58 52 3 3 19 26 12 23 5 18 58 30 63 36 4 15 37 9 1 51 38 0 39 12 12 11 12 16 12 5
34 16 28 56 55 21 47 35 19 9 41 16 35 60 1 4 46 46 3 46 51 55 53 39 0 60 16 26 8 29 51 43
3 18 30 28 56 50 34 54 23 32 46 13 63 14 52 52 32 48 52 9 38 52 39 12 60 0 18 58 2 44 45 39
2 41 38 13 55 28 5 32 32 38 58 60 39 1 63 51 14 3 27 19 19 46 38 12 16 18 0 54 48 53 46 16
35 58 45 61 39 55 15 11 12 15 32 28 53 50 58 10 50 41 58 21 58 10 39 11 26 58 54 0 6 6 36 61
36 62 32 5 47 3 23 63 12 34 62 27 3 47 12 11 46 17 53 17 36 25 12 12 8 2 48 6 0 17 36 3
28 54 44 16 31 54 35 8 18 33 52 18 32 31 59 22 17 54 57 53 26 28 26 16 29 44 53 6 17 0 33 29
18 29 60 13 4 54 41 57 46 22 33 60 28 63 1 8 34 50 12 12 15 33 18 12 51 45 46 36 36 33 0 27
60 24 16 57 26 51 58 39 20 39 50 18 19 19 25 12 1 3 17 30 29 60 37 5 43 39 16 61 3 29 27 0

